0000011111000000000001111100000000000111110000000000011111000000000001111100000000000111110000000000011111000000000001111100000000000111110000000000011111000000000001111100000000000111110000000000011111000000000001111111000000000111111100000000011111100000
0000000001111100000000000111110000000000011111000000000001111100000001111111110000001111111111000001111111111100000111111111110000111111111111000011111101111100001111100111110000111111011111000011111101111100000111111111110000011111111111000000111111111100
0000001111100000000001111111000000000111111100000000111111111000000011111111100000011111111111000001111111111100001111111111110000111111011111100011111111111110011111111111111101111111111111111111111111111111111111111111111111111100000111111111100000011111
0000111111111000000111111111110000111111111111100111111111111110011111110111111111111110011111111111111111111111111111111111111111111111111111111111111111111111111111100000000011111111111111100111111111111110001111111111111000111111111111100001111111111110
0011111111111000001111111111111000111111111111100011111111111110000111101111111100001111111111110001111111111111001111111111111101111111111111110111111111111111011111100011111101111111001111110111111111111111011111111111111101111111111111110011111111111111
0111111111111000011111111111110001111111111111100111111111111111011111111111111101111110011111110111111001111111011111100011111101111110001111110111111000111111011111100011111101111110001111110111111000111111011111100011111101111110001111110111111000111111
0001111111111100001111111111110000111111111111000011111111111100001111111111110000111111100000000011111110000000001111111000000000111111100000000011111110000000001111111000000000111111100000000011111110000000001111111000000000111111100000000011111110000000
0000111111111000000111111111110000111111111111100111111111111110011111110111111111111110011111111111111111111111111111111111111111111111111111111111111111111111111111100000000011111111111111100111111111111110001111111111111000111111111111100001111111111110
1111111000111111111111110111111111111111011111110111111111111111001111111111110000011111111111000001111111111000000011111111100000001111111110000000111111111000000111111111110000111111111111000111111111111111011111110111111111111110011111111111110000111111
0001111100000000000111110000000000011111000000000001111100000000000111111111000000011111111110000001111111111000000111111111110000011111111111000001111101111100000111110111110000011111011111000001111101111100000111110111110000011111011111000001111101111100
0000111111111110000111111111111000111111111111100011111111111110001111111000111001111111000000000111111000000000011111100000000001111110000000000111111000000000011111100000000000111111000000000011111111111110001111111111111000111111111111100001111111111110
0001111110000000000111111000000000011111100000000001111111111000000111111111100000011111111110000001111111111000000111111000000000011111100000000001111110000000000111111000000000011111100000000001111111111000000111111111100000001111111110000000111111111000
0011111111111000001111111111111000111111111111100011111111111110000111101111111100001111111111110001111111111111001111111111111101111111111111110111111111111111011111100011111101111111001111110111111111111111011111111111111101111111111111110011111111111111
0011111001111110011111110111111000111111011111100011111101111100000111111111110000011111111111000001111111111000000011111111100000001111111110000000011111110000000001111111000000000011111000000011011111100000001111111100000001111111110000000111111111000000
0011111000000000001111100000000000111110000000000011111000000000001111111110000000111111111110000011111111111000001111111111110000111111111111000011111001111100001111100111110000111110011111000011111011111100001111111111110000111111111111000011111111111000
0001111110101000000111111010100001111111101010100111111110101010011111111010101001111111101010100111111110101010011111111010101000000000000000000111111110101010000000000000000001111111101010100000000000000000000111111010100000000000000000000000000000000000
0011111111111100001111111111110000111111111111000011111111111100001111110000000000111111000000000011111111111100001111111111110000111111111111000011111111111100001111110000000000111111000000000011111100000000001111110000000000111111000000000011111100000000
0011111111111000001111111111111000111111111111100011111111111110000111101111111100001111111111110001111111111111001111111111111101111111111111110111111111111111011111100011111101111111001111110111111111111111011111111111111101111111111111110011111111111111
0001111111111100001111111111110000111111111111000011111111111100001111111111110000111111100000000011111110000000001111111000000000111111100000000011111110000000001111111000000000111111100000000011111110000000001111111000000000111111100000000011111110000000
0000011111111110000011111111111000111111111111100011111111111110001111111101110001111111100000000111111100000000011111100000000001111110000000000111111000000000011111110000000001111111110111100011111111111110001111111111111000111111111111100000111111111110
0000111111111000000111111111110000111111111111100111111111111110011111110111111111111110011111111111111111111111111111111111111111111111111111111111111111111111111111100000000011111111111111100111111111111110001111111111111000111111111111100001111111111110
0000011111000000000001111100000000000111110000000000011111000000000001111100000000000111110000000000011111000000000001111100000000000111110000000000011111000000000001111100000000000111110000000000011111000000000001111100000000000111110000000000011111000000
